%机械臂机基础数据

%连杆质量m
m=[42.5 42.5 70 70 42.5 42.5 42.5];

%i杆质心在{i}系的表示
rc11=[0;      0.25;       0;      ];
rc22=[0;      0.25;       0;      ];
rc33=[2.5;    0;          0;      ];
rc44=[2.5;    0;          0;      ];
rc55=[0;      0;          -0.25;   ];
rc66=[0;      0;          -0.25;   ];
rc77=[0;      0;          -0.30;   ];
%{
%{i+1}质心在{i}系的表示
P10=[0,0,0.6]';
P21=[0,0.5,0]';
P32=[0,0.5,0]';
P43=[5,0,0.5]';
P54=[5,0,0.5]';
P65=[0,0.5,0]';
P76=[0,0.6,0]';
%}
%连杆转动惯量相对于原点在C点，姿态与{i}系相同的坐标系
I1c1=[3.5416  ,0         ,0;
     0       ,0.0531    ,0;
     0       ,0         ,3.5416;]; 
I2c2=[3.5416  ,0         ,0;
     0       ,0.0531    ,0;
     0       ,0         ,3.5416;]; 
I3c3=[0.0875  ,0         ,0;
     0       ,583.3332  ,0;
     0       ,0         ,583.3332;];
I4c4=[0.0875  ,0         ,0;
     0       ,583.3332  ,0;
     0       ,0         ,583.3332;];
I5c5=[3.5416  ,0         ,0;
     0       ,3.5416    ,0;
     0       ,0         ,0.0531;]; 
I6c6=[3.5416  ,0         ,0;
     0       ,3.5416    ,0;
     0       ,0         ,0.0531;]; 
I7c7=[3.5416  ,0         ,0;
     0       ,3.5416    ,0;
     0       ,0         ,0.0531;]; 
 save robotdata;