
% 
% q=[180,0,0,0,0,0,0];
% T=GetTnm(q,0,7)
% TtoPE(T)

java.lang.Double.MAX_VALUE
a=100000000000000000000000000000000000000000000000000000000000000000000000000000000000000000000000000000000000000000000000000000000000000000000000000000000000000000000000000000000000000000000000000000000000000000000000000000000000000000000000000000000000000000000000000000000000000000000000000000000000000000000